00000010051801101730073302
00000010751801101729583302
00000010261801101729293302
00000018441801101716233302
00000010911801101540083347
00000010901801101537073347
00000010931801101528463347
00000018161801101524523351
FFFFFFFFFF1801101524443500
00000018441801101500533355
00000010051801101458333321
00000010051801101458233302
00000010761801101458013344
00000010261801101456463345
00000010941801101449413336
00000010751801101443553321
FFFFFFFFFF1801101443473500
00000010911801101345383302
00000010931801101345093302
00000010901801101338033302
00000018161801101334253302
FFFFFFFFFF1801101334143500
00000018441801101318483302
00000010941801101305193302
00000010051801101304383302
00000010761801101304323302
00000010751801101304253302
00000010261801101304053302
00000011111801100855403347
00000018161801100847373351
00000010901801100845273347
00000010911801100838053347
00000010931801100833543347
00000018441801100713103355
FFFFFFFFFF1801100713023500
00000010261801100703583301
FFFFFFFFFF1801100703543500
00000010941801100653253336
00000010751801100652073321
00000010051801100647113321
00000010761801100645013344
FFFFFFFFFF1801100644553500
00000010941801092033413302
00000018161801091909413302
00000010941801091854273339
00000010911801091848083302
00000010901801091847593302
00000010931801091847203302
00000018441801091833473302
00000010761801091735393302
00000010941801091730333302
00000010751801091730163302
00000010261801091715403302
00000010251801091657303302
00000010021801091653083302
00000017381801091652593302
FFFFFFFFFF1801091652543500
00000010911801091542573347
00000010901801091536553347
00000018441801091501283355
00000010261801091457353345
0000001002180109145726333D
0000001738180109145659333D
00000010251801091453163338
00000010761801091453013344
00000010941801091450093336
00000010751801091445273321
FFFFFFFFFF1801091445213500
00000018161801091443573351
00000018161801091410323302
FFFFFFFFFF1801091410203500
FFFFFFFFFF1801091410153500
00000010911801091351163302
00000010911801091351013302
00000010901801091345293302
00000010931801091339163302
00000018441801091319113302
00000010021801091308333302
00000010051801091307283302
00000010761801091307023302
FFFFFFFFFF1801091306583500
00000017381801091306503302
00000010941801091306323302
00000010111801091306253302
00000010111801091306173302
00000011181801091306093302
00000010151801091306003302
00000010401801091305523302
00000010261801091305433302
00000010751801091302413302
FFFFFFFFFF1801091302343500
00000010251801091244043302
00000018451801091231273302
00000011111801091104463302
