Reg. 0
00085,01,10,08,08,0000,0000,06238

Reg. 1
00091,01,10,08,12,0000,0000,08804

Reg. 2
00038,01,10,09,50,0000,0000,24624

Reg. 3
00055,01,10,13,30,0000,0000,16459

Reg. 4
00063,01,10,13,31,0000,0000,16723

Reg. 5
00001,01,10,13,31,0000,0000,16661

Reg. 6
00059,01,10,13,31,0000,0000,16719

Reg. 7
00085,01,10,13,32,0000,0000,17001

Reg. 8
00091,01,10,13,32,0000,0000,17007

Reg. 9
00086,01,10,13,34,0000,0000,17514

Reg. 10
00029,01,10,13,37,0000,0000,18225

Reg. 11
00038,01,10,13,52,0000,0000,25146

Reg. 12
00012,01,10,14,22,0000,0000,12833

Reg. 13
00093,01,10,15,31,0000,0000,16755

Reg. 14
00055,01,10,15,31,0000,0000,16717

Reg. 15
00079,01,10,15,31,0000,0000,16741

Reg. 16
00029,01,10,15,31,0000,0000,16691

Reg. 17
00063,01,10,15,32,0000,0000,16981

Reg. 18
00063,01,10,15,33,0000,0000,17237

Reg. 19
00086,01,10,15,33,0000,0000,17260

Reg. 20
00059,01,10,15,33,0000,0000,17233

Reg. 21
00085,01,10,15,33,0000,0000,17259

Reg. 22
00001,01,10,15,36,0000,0000,17943

Reg. 23
00091,01,10,15,39,0000,0000,18801

Reg. 24
00038,01,10,15,46,0000,0000,22076

Reg. 25
00087,01,10,16,00,0000,0000,04206

Reg. 26
00012,01,10,16,00,0000,0000,04131

Reg. 27
00054,01,10,16,02,0000,0000,04685

Reg. 28
00063,01,10,19,06,0000,0000,05721

Reg. 29
00085,01,10,19,14,0000,0000,09327

Reg. 30
00091,01,10,19,16,0000,0000,09845

Reg. 31
00001,01,10,19,17,0000,0000,10011

Reg. 32
00059,01,10,19,17,0000,0000,10069

Reg. 33
00029,01,10,19,18,0000,0000,10295

Reg. 34
00086,01,10,19,23,0000,0000,13168

Reg. 35
00093,01,10,19,24,0000,0000,13431

Reg. 36
00012,01,10,19,27,0000,0000,14118

Reg. 37
00038,01,10,20,33,0000,0000,17223

Reg. 38
00054,01,10,20,34,0000,0000,17495

Reg. 39
00087,01,10,20,34,0000,0000,17528

Reg. 40
00012,01,11,07,58,0000,0000,26900

Reg. 41
00029,01,11,07,59,0000,0000,27173

Reg. 42
00093,01,11,07,59,0000,0000,27237

Reg. 43
00059,01,11,08,00,0000,0000,04420

Reg. 44
00063,01,11,08,00,0000,0000,04424

Reg. 45
00086,01,11,08,01,0000,0000,04703

Reg. 46
00085,01,11,08,09,0000,0000,06750

Reg. 47
00091,01,11,08,16,0000,0000,10084

Reg. 48
00038,01,11,09,54,0000,0000,25904

Reg. 49
00087,01,11,09,57,0000,0000,26721

Reg. 50
00054,01,11,10,10,0000,0000,08519

Reg. 51
00087,01,11,13,30,0000,0000,16747

Reg. 52
00038,01,11,13,30,0000,0000,16698

Reg. 53
00054,01,11,13,30,0000,0000,16714

Reg. 54
00029,01,11,13,31,0000,0000,16945

Reg. 55
00093,01,11,13,31,0000,0000,17009

Reg. 56
00063,01,11,13,32,0000,0000,17235

Reg. 57
00091,01,11,13,32,0000,0000,17263

Reg. 58
00085,01,11,13,32,0000,0000,17257

Reg. 59
00063,01,11,13,32,0000,0000,17235

Reg. 60
00086,01,11,13,33,0000,0000,17514

Reg. 61
00012,01,11,13,41,0000,0000,21024

Reg. 62
00059,01,11,13,45,0000,0000,22095

Reg. 63
00029,01,11,15,30,0000,0000,16691

Reg. 64
00093,01,11,15,30,0000,0000,16755

Reg. 65
00055,01,11,15,30,0000,0000,16717

Reg. 66
00063,01,11,15,31,0000,0000,16981

Reg. 67
00087,01,11,15,31,0000,0000,17005

Reg. 68
00086,01,11,15,32,0000,0000,17260

Reg. 69
00085,01,11,15,37,0000,0000,18539

Reg. 70
00059,01,11,15,37,0000,0000,18513

Reg. 71
00091,01,11,15,41,0000,0000,21105

Reg. 72
00038,01,11,15,54,0000,0000,25916

Reg. 73
00012,01,11,16,07,0000,0000,06179

Reg. 74
00085,01,11,19,11,0000,0000,08815

Reg. 75
00091,01,11,19,12,0000,0000,09077

Reg. 76
00086,01,11,19,14,0000,0000,09584

Reg. 77
00029,01,11,19,25,0000,0000,13879

Reg. 78
00063,01,11,19,28,0000,0000,14681

Reg. 79
00059,01,11,19,31,0000,0000,16981

Reg. 80
00093,01,11,19,45,0000,0000,22135

Reg. 81
00012,01,11,19,47,0000,0000,22566

Reg. 82
00087,01,11,20,30,0000,0000,16760

Reg. 83
00038,01,11,20,30,0000,0000,16711

Reg. 84
00054,01,12,09,58,0000,0000,27200

Reg. 85
00038,01,12,09,59,0000,0000,27440

Reg. 86
00038,01,12,13,55,0000,0000,26426

Reg. 87
00087,01,12,13,55,0000,0000,26475

Reg. 88
00063,01,14,08,05,0000,0000,06472

Reg. 89
00059,01,14,08,06,0000,0000,06724

Reg. 90
00086,01,14,08,06,0000,0000,06751

Reg. 91
00085,01,14,08,08,0000,0000,07262

Reg. 92
00091,01,14,08,09,0000,0000,07524

Reg. 93
00093,01,14,08,14,0000,0000,10342

Reg. 94
00093,01,14,08,58,0000,0000,27750

Reg. 95
00038,01,14,09,54,0000,0000,26672

Reg. 96
00087,01,14,09,55,0000,0000,26977

Reg. 97
00054,01,14,10,00,0000,0000,05191

Reg. 98
00012,01,14,11,54,0000,0000,26654

Reg. 99
00063,01,14,13,31,0000,0000,17747

Reg. 100
00091,01,14,13,32,0000,0000,18031

Reg. 101
00087,01,14,13,32,0000,0000,18027

Reg. 102
00085,01,14,13,33,0000,0000,18281

Reg. 103
00038,01,14,13,33,0000,0000,18234

Reg. 104
00054,01,14,13,33,0000,0000,18250

Reg. 105
00086,01,14,13,34,0000,0000,18538

Reg. 106
00059,01,14,13,35,0000,0000,18767

Reg. 107
00012,01,14,13,37,0000,0000,19232

Reg. 108
00063,01,14,15,32,0000,0000,18005

Reg. 109
00086,01,14,15,32,0000,0000,18028

Reg. 110
00029,01,14,15,32,0000,0000,17971

Reg. 111
00059,01,14,15,33,0000,0000,18257

Reg. 112
00085,01,14,15,34,0000,0000,18539

Reg. 113
00091,01,14,15,40,0000,0000,21617

Reg. 114
00038,01,14,15,57,0000,0000,27452

Reg. 115
00012,01,14,15,59,0000,0000,27938

Reg. 116
00087,01,14,16,01,0000,0000,05486

Reg. 117
00029,01,14,19,00,0000,0000,05175

Reg. 118
00059,01,14,19,01,0000,0000,05461

Reg. 119
00063,01,14,19,06,0000,0000,06745

Reg. 120
00091,01,14,19,11,0000,0000,09589

Reg. 121
00085,01,14,19,12,0000,0000,09839

Reg. 122
00086,01,14,19,17,0000,0000,11120

Reg. 123
00093,01,14,19,21,0000,0000,13687

Reg. 124
00012,01,14,19,22,0000,0000,13862

Reg. 125
00087,01,14,20,30,0000,0000,17528

Reg. 126
00038,01,14,20,30,0000,0000,17479

Reg. 127
00063,01,15,08,00,0000,0000,05448

Reg. 128
00086,01,15,08,03,0000,0000,06239

Reg. 129
00093,01,15,08,04,0000,0000,06502

Reg. 130
00029,01,15,08,04,0000,0000,06438

Reg. 131
00085,01,15,08,05,0000,0000,06750

Reg. 132
00001,01,15,08,07,0000,0000,07178

Reg. 133
00059,01,15,08,08,0000,0000,07492

Reg. 134
00038,01,15,09,54,0000,0000,26928

Reg. 135
00054,01,15,10,03,0000,0000,06215

Reg. 136
00029,01,15,13,29,0000,0000,15921

Reg. 137
00038,01,15,13,31,0000,0000,17978

Reg. 138
00054,01,15,13,32,0000,0000,18250

Reg. 139
00059,01,15,13,32,0000,0000,18255

Reg. 140
00085,01,15,13,32,0000,0000,18281

Reg. 141
00086,01,15,13,32,0000,0000,18282

Reg. 142
00063,01,15,13,32,0000,0000,18259

Reg. 143
00001,01,15,13,32,0000,0000,18197

Reg. 144
00029,01,15,15,29,0000,0000,15923

Reg. 145
00063,01,15,15,29,0000,0000,15957

Reg. 146
00093,01,15,15,30,0000,0000,17779

Reg. 147
00001,01,15,15,33,0000,0000,18455

Reg. 148
00086,01,15,15,34,0000,0000,18796

Reg. 149
00085,01,15,15,36,0000,0000,19307

Reg. 150
00059,01,15,15,39,0000,0000,20049

Reg. 151
00038,01,15,15,56,0000,0000,27452

Reg. 152
00012,01,15,15,59,0000,0000,28194

Reg. 153
00029,01,15,19,08,0000,0000,07479

Reg. 154
00063,01,15,19,10,0000,0000,09561

Reg. 155
00001,01,15,19,18,0000,0000,11547

Reg. 156
00059,01,15,19,19,0000,0000,11861

Reg. 157
00085,01,15,19,21,0000,0000,13935

Reg. 158
00012,01,15,19,24,0000,0000,14630

Reg. 159
00086,01,15,19,25,0000,0000,14960

Reg. 160
00093,01,15,19,27,0000,0000,15479

Reg. 161
00063,01,16,08,00,0000,0000,05704

Reg. 162
00086,01,16,08,01,0000,0000,05983

Reg. 163
00012,01,16,08,07,0000,0000,07445

Reg. 164
00085,01,16,08,07,0000,0000,07518

Reg. 165
00059,01,16,08,09,0000,0000,08004

Reg. 166
00093,01,16,08,09,0000,0000,08038

Reg. 167
00029,01,16,08,09,0000,0000,07974

Reg. 168
00001,01,16,08,11,0000,0000,09994

Reg. 169
00038,01,16,08,59,0000,0000,28463

Total Reg.  170
Cmd OK

