
Reg. 0
00063,01,08,19,05,0000,0000,03417
Reg. 1
00063,01,08,19,06,0000,0000,03673
Reg. 2
00085,01,08,19,07,0000,0000,03951
Reg. 3
00091,01,08,19,07,0000,0000,03957
Reg. 4
00059,01,08,19,08,0000,0000,04181
Reg. 5
00086,01,08,19,09,0000,0000,04464
Reg. 6
00093,01,08,19,10,0000,0000,06263
Reg. 7
00012,01,08,19,10,0000,0000,06182
Reg. 8
00001,01,08,19,10,0000,0000,06171
Reg. 9
00055,01,08,19,34,0000,0000,15441
Reg. 10
00087,01,08,20,31,0000,0000,14712
Reg. 11
00038,01,08,20,31,0000,0000,14663
Reg. 12
00012,01,09,07,54,0000,0000,23828
Reg. 13
00055,01,09,07,55,0000,0000,24127
Reg. 14
00093,01,09,07,59,0000,0000,25189
Reg. 15
00029,01,09,07,59,0000,0000,25125
Reg. 16
00059,01,09,08,02,0000,0000,02884
Reg. 17
00001,01,09,08,07,0000,0000,04106
Reg. 18
00091,01,09,08,09,0000,0000,04708
Reg. 19
00085,01,09,08,09,0000,0000,04702
Reg. 20
00086,01,09,08,14,0000,0000,07519
Reg. 21
00038,01,09,09,00,0000,0000,02352
Reg. 22
00087,01,09,09,22,0000,0000,11105
Total Reg.   23


Cmd OK

