00000010401805080955253325
00000018451805081109043302
00000010261805081303053302
FFFFFFFFFF1805081303363500
FFFFFFFFFF1805081303513500
FFFFFFFFFF1805081303583500
00000011431805081304033302
00000010581805081305193302
00000010151805081307363302
00000010541805081308193302
00000011171805081308253302
FFFFFFFFFF1805081308333500
00000011101805081308383302
00000010221805081308443302
00000010591805081308503302
00000013851805081309103302
00000010631805081309173302
00000010111805081309243302
00000011021805081309323302
00000010511805081309453302
00000010661805081309553302
00000010601805081311173302
00000010401805081312213302
00000010721805081312283302
00000017381805081312523302
00000010941805081315053302
00000010051805081316303302
00000010051805081316393302
00000011621805081319223302
00000011231805081322293302
00000017561805081326363302
00000011731805081326413302
00000018161805081331263302
00000010481805081353003302
00000018441805081400263302
00000010911805081401313302
00000011111805081419473302
0000001022180508144516332F
0000001011180508144526332F
0000001015180508144936332F
0000001118180508144945332F
0000001098180508145450332F
0000001002180508145520333D
00000010941805081457073336
00000010051805081457173321
00000010261805081458183345
0000001738180508150123333D
00000010911805081528473347
00000018441805081529253355
00000011181805081600393302
00000010151805081600453302
00000010221805081600523302
00000010111805081600573302
00000010981805081607063302
00000010051805081729113302
00000018441805081733243302
00000010261805081735063302
00000010021805081815063302
00000010911805081843483302
00000010941805081931153302
00000010941805081931233302
00000010751805090551293321
00000018441805090603313355
00000010261805090700083345
00000010911805090827283347
00000010931805090827363347
FFFFFFFFFF1805090848503500
FFFFFFFFFF1805090848553500
00000018161805090849023351
