FFFFFFFFFF1805081302573500
00000011181805081307343302
00000010981805081308033302
FFFFFFFFFF1805081308133500
FFFFFFFFFF1805081308193500
00000010521805081308243302
00000011131805081308303302
00000017331805081309123302
00000017401805081309283302
00000017261805081309363302
00000011091805081310273302
00000010961805081312183302
00000010371805081312273302
00000011031805081312383302
00000010021805081315213302
00000010761805081316553302
00000010251805081322023302
FFFFFFFFFF1805081400243500
00000010751805081400283302
00000010251805081453253338
00000017381805081605333302
00000010251805081821313302
00000010761805090655413344
